0.846914577
0.8440347
0.841154822
0.838274944
0.835395066
0.76748668
0.763661633
0.759836586
0.756011539
0.722846949
0.727794545
0.73274214
0.737689736
0.737502509
0.734622631
0.731742754
0.728862876
0.725982998
0.72310312
0.720223242
0.717343365
0.700809871
0.736202752
0.771595633
0.786630974
0.685573991
0.713602218
0.741630445
0.769658672
0.767994769
0.782354896
0.796715024
0.808705777
0.810660802
0.812615827
0.814570851
0.816525876
0.818480901
0.820435926
0.822390951
0.8239954
0.824968418
0.825941437
0.826914455
0.827887474
0.828860492
0.829833511
0.83080653
0.810162161
0.805398992
0.800635824
0.795872655
0.790380311
0.783761732
0.777143153
0.770524575
0.731673119
0.731671842
0.731670565
0.731669288
0.732939543
0.737885861
0.742832179
0.747778496
0.750262649
0.748813733
0.747364817
0.745915901
0.744466985
0.743018069
0.741569153
0.740120237
0.702897145
0.709366176
0.715835206
0.722304237
0.728773268
0.735242298
0.741711329
0.74818036
0.735665788
0.729047209
0.72242863
0.715810051
0.68718039
0.68148607
0.675791751
0.670097431
0.64088652
0.645497043
0.650107566
0.654718089
0.659328612
0.663939135
0.668549658
0.673160181
0.677770704
0.682381227
0.68699175
0.691602273
0.676333398
0.67345352
0.670573642
0.667693764
0.664813887
0.661934009
0.659054131
0.656174253
0.659664984
0.667675034
0.675685085
0.683695136
0.613886559
0.60819224
0.60249792
0.5968036
0.529096938
0.532041394
0.534985851
0.537930307
0.515350773
0.550743654
0.586136535
0.621529416
0.577804732
0.602288757
0.626772783
0.651256809
0.5953588
0.586010322
0.576661844
0.567313366
0.570137626
0.583415056
0.596692486
0.609969915
0.602884929
0.621644674
0.640404419
0.653406198
0.647232267
0.651173792
0.655115317
0.659056841
0.662998366
0.66693989
0.670881415
0.67482294
0.678764464
0.682705989
0.686647514
0.653070549
0.666347978
0.679625408
0.692902837
0.698629511
0.692935191
0.687240871
0.681546552
0.6573875
0.652624332
0.647861163
0.643097995
0.600744458
0.59598129
0.591218122
0.586454954
0.581691785
0.576928617
0.572165449
0.567402281
0.546596491
0.516520824
0.511757656
0.506994487
0.502231319
0.410024882
0.403406303
0.396787724
0.390169145
0.358500342
0.365480692
0.372461043
0.379441394
0.386421744
0.393402095
0.400382446
0.407362796
0.407157894
0.435186121
0.463214348
0.480038718
0.456413603
0.48564326
0.514872917
0.504988573
0.529465797
0.553943022
0.578420246
0.55954971
0.580571301
0.601592891
0.622614482
0.624503781
0.619740613
0.614977445
0.610214276
0.57856515
0.57287083
0.567176511
0.561482191
0.436022674
0.431259505
0.426496337
0.421733169
0.417033793
0.413208746
0.409383698
0.405558651
0.38663736
0.307341898
0.303515896
0.299689894
0.295863893
0.232297569
0.229892944
0.227488318
0.225083693
0.222679068
0.220274443
0.217869817
0.215465192
0.178742603
0.175862725
0.172982847
0.170102968
0.180985864
0.217654188
0.254322511
0.290990834
0.200175046
0.227004424
0.253833803
0.280663182
0.311876956
0.343540287
0.375203618
0.317629172
0.364844043
0.412058913
0.459273783
0.3474221
0.416633528
0.485844956
0.519900661
0.493153155
0.501162159
0.509171163
0.517180167
0.525189171
0.533198175
0.541207179
0.54813237
0.551076826
0.554021283
0.556965739
0.561169111
0.568148554
0.575127996
0.582107438
0.593582531
0.610127187
0.626671842
0.643216498
0.63221633
0.656693554
0.681170778
0.693414762
0.678302695
0.687349636
0.696396577
0.705443517
0.714490458
0.723537399
0.732584339
0.737949892
0.734124844
0.730299797
0.72647475
0.722649703
0.718824656
0.714999609
0.711174561
0.709991187
0.715950114
0.72190904
0.727867967
0.687974347
0.699119749
0.710265151
0.721410553
0.732555955
0.743701357
0.754846759
0.765992161
0.749367832
0.747440009
0.745512186
0.743584364
0.741656541
0.739728718
0.737800895
0.735873072
0.740958123
0.750005064
0.759052005
0.768098945
0.700151806
0.699183609
0.698215413
0.697247217
0.69627902
0.695310824
0.694342627
0.693374431
0.652869631
0.649044584
0.645219537
0.64139449
0.637569442
0.633744395
0.629919348
0.6260943
0.623815378
0.623329694
0.62284401
0.622358325
0.621872641
0.621386957
0.620901273
0.620415589
0.619929904
0.61944422
0.618958536
0.618472852
0.617987167
0.617501483
0.617015799
0.616530115
0.617616086
0.619570862
0.621525637
0.623480412
0.625435188
0.627389963
0.629344739
0.631299514
0.627066171
0.621371852
0.615677532
0.609983212
0.604288893
0.598594573
0.592900253
0.587205933
0.536924763
0.538879788
0.540834813
0.542789838
0.522432235
0.533577637
0.544723039
0.555868441
0.561010751
0.563955208
0.566899664
0.56984412
0.57699302
0.585003071
0.593013121
0.599986165
0.592247855
0.599228206
0.606208556
0.613188907
0.620169258
0.627149609
0.634129959
0.607981843
0.603218674
0.598455506
0.593692338
0.588821156
0.583126836
0.577432516
0.571738197
0.547319375
0.543494328
0.53966928
0.535844233
0.532019186
0.528194138
0.524369091
0.520544044
0.516718997
0.467629308
0.468602368
0.469575428
0.470548488
0.471521548
0.472494608
0.473467667
0.474440727
0.475413787
0.476386847
0.477359907
0.478332967
0.481263623
0.48420808
0.487152536
0.490279278
0.495226874
0.50017447
0.505122066
0.487984824
0.50342866
0.518872495
0.534316331
0.484360732
0.497641702
0.510922673
0.524203643
0.540704712
0.561726302
0.582747892
0.603769483
0.565432861
0.584197711
0.602962561
0.62172741
0.611274501
0.614550461
0.61782642
0.62110238
0.62437834
0.627654299
0.630930259
0.634206219
0.637482179
0.640758138
0.644034098
0.616143239
0.608607217
0.601071195
0.593535174
0.585999152
0.584643134
0.605670494
0.626697853
0.609242043
0.617252094
0.625262145
0.633272195
0.641282246
0.649292297
0.657302348
0.665312398
0.673321995
0.681330999
0.689340003
0.697349007
0.705358011
0.713367015
0.721376019
0.729385023
0.732281566
0.733744525
0.735207484
0.736670443
0.738133402
0.739596362
0.741059321
0.74252228
0.674621572
0.676084717
0.677547863
0.679011008
0.680474153
0.681937299
0.683400444
0.684863589
0.67092992
0.68313709
0.69534426
0.70755143
0.704479897
0.70065485
0.696829803
0.693004756
0.692487808
0.692163395
0.691838983
0.69151457
0.691190157
0.690865745
0.690541332
0.690216919
0.689892507
0.689568094
0.689243681
0.689338797
0.693781747
0.698224697
0.702667647
0.707110597
0.711553547
0.715996497
0.720439447
0.703118822
0.732348478
0.761578135
0.790807792
0.755798462
0.759240493
0.762682523
0.766124554
0.769566585
0.773008615
0.776450646
0.779892676
0.779500631
0.777572809
0.775644986
0.773717163
0.77178934
0.769861517
0.767933694
0.766005871
0.749762853
0.754709809
0.759656766
0.764603723
0.76955068
0.774497637
0.779444594
0.784391551
0.725163461
0.722283583
0.719403706
0.716523828
0.71364395
0.710764072
0.707884194
0.705004317
0.706720466
0.710162497
0.713604527
0.717046557
0.720488588
0.723930618
0.727372649
0.730814679
0.655642637
0.657597495
0.659552354
0.661507212
0.663462071
0.665416929
0.667371788
0.669326646
0.671281505
0.673236363
0.675191222
0.67714608
0.649130368
0.642513421
0.635896475
0.629279529
0.622661375
0.616042796
0.609424217
0.602805638
0.595556776
0.588020754
0.580484732
0.57294871
0.591985679
0.62737856
0.662771442
0.653243542
0.630940514
0.643681746
0.656422978
0.66916421
0.681905442
0.694646674
0.707387906
0.718832441
0.727879382
0.736926323
0.745973263
0.746560824
0.739942245
0.733323666
0.726705088
0.720086509
0.71346793
0.706849351
0.700230773
0.69544105
0.693036424
0.690631799
0.688227174
0.685822549
0.683417923
0.681013298
0.678608673
0.655424106
0.658368562
0.661313019
0.664257475
0.667201932
0.670146388
0.673090844
0.676035301
0.674601826
0.669838658
0.66507549
0.660312322
0.659479671
0.661928463
0.664377255
0.666826046
0.669274838
0.67172363
0.674172421
0.676621213
0.637540708
0.641816301
0.646091894
0.650367487
0.65464308
0.658918673
0.663194266
0.667469859
0.671745452
0.676021045
0.680296638
0.684572231
0.689460867
0.694407185
0.699353502
0.693364052
0.66716674
0.673126182
0.679085623
0.685045065
0.691004507
0.696963949
0.70292339
0.708882832
0.714842274
0.720801716
0.726761157
0.681632425
0.686578743
0.691525061
0.696471379
0.703145779
0.715352949
0.727560119
0.739767289
0.743524956
0.737830636
0.732136317
0.726441997
0.728516924
0.740724094
0.752931264
0.765138434
0.771158111
0.774102568
0.777047024
0.779991481
0.782935937
0.785880394
0.78882485
0.791769307
0.762807856
0.759454507
0.756101159
0.752747811
0.749394462
0.746041114
0.742687765
0.739334417
0.712979625
0.709154577
0.70532953
0.701504483
0.697679436
0.693854389
0.690029342
0.686204294
0.662437934
0.656743614
0.651049295
0.645354975
0.613444195
0.607749875
0.602055556
0.596361236
0.517051944
0.525578305
0.534104666
0.542631027
0.551157388
0.559683749
0.56821011
0.576736471
0.518039162
0.527086103
0.536133044
0.545179984
0.560167585
0.584644809
0.609122034
0.633599259
0.628758604
0.673255626
0.717752647
0.67989436
0.674251835
0.679198153
0.684144471
0.666601525
0.644007363
0.645470508
0.646933653
0.648396799
0.649859944
0.651323089
0.652786235
0.640097905
0.62396937
0.624454314
0.624939257
0.625424201
0.625909144
0.626394088
0.626879031
0.613288701
0.571293634
0.577762664
0.584231695
0.590700725
0.597169756
0.603638786
0.610107817
0.586701322
0.580446824
0.575683655
0.570920487
0.566157319
0.533474058
0.526855479
0.520236901
0.513618322
0.497978051
0.504447081
0.510916112
0.517385143
0.523854173
0.530323204
0.536792235
0.542906007
0.540026129
0.537146251
0.534266373
0.5322606
0.548805255
0.565349911
0.581894566
0.57864079
0.614043892
0.649446993
0.684850094
0.631843191
0.656320416
0.680797641
0.705274865
0.708621809
0.709594827
0.710567846
0.711540864
0.712513883
0.713486902
0.71445992
0.71533431
0.713406487
0.711478664
0.709550841
0.707623019
0.705695196
0.703767373
0.70183955
0.684890429
0.692898387
0.700906345
0.708914302
0.717121745
0.726168685
0.735215626
0.744262567
0.753707685
0.76379971
0.773891735
0.783983761
0.789894458
0.792838914
0.795783371
0.798727827
0.795772
0.79007768
0.78438336
0.77868904
0.780511065
0.786469992
0.792428918
0.798387845
0.804346772
0.810305699
0.816264625
0.822223552
0.821434722
0.82014579
0.818856857
0.817567925
0.816278993
0.814990061
0.813701128
0.812412196
0.811123264
0.809834332
0.808545399
0.800007835
0.758877041
0.755996802
0.753116564
0.750236325
0.747356087
0.744475848
0.741595609
0.738715371
0.731823444
0.724289274
0.716755104
0.709220934
0.702412828
0.69579425
0.689175671
0.682557092
0.675938514
0.669319935
0.662701356
0.656082777
0.656034004
0.65897846
0.661922916
0.664867373
0.667811829
0.670756286
0.673700742
0.676645199
0.680470066
0.684411591
0.688353116
0.692294641
0.702362064
0.712454089
0.722546115
0.731811675
0.737771374
0.743731073
0.749690772
0.755650472
0.761610171
0.76756987
0.773529569
0.776115403
0.775147248
0.774179092
0.773210936
0.772242781
0.771274625
0.770306469
0.769338314
0.768370158
0.767402003
0.766433847
0.765465691
0.736371654
0.732546607
0.728721559
0.724896512
0.719271642
0.711735621
0.704199599
0.696663577
0.65618704
0.65049272
0.644798401
0.639104081
0.592074936
0.584538914
0.577002893
0.569466871
0.559981203
0.505306282
0.501481235
0.497656188
0.493831141
0.489266854
0.484503686
0.479740518
0.47497735
0.487360439
0.505010679
0.52266092
0.519971069
0.558100298
0.615177868
0.672255439
0.578567234
0.597892808
0.617218382
0.636543956
0.65586953
0.675195104
0.694520677
0.713846251
0.681599981
0.698144637
0.714689293
0.730378421
0.726553374
0.722728327
0.71890328
0.706605624
0.692511283
0.696954233
0.701397183
0.705840133
0.710283083
0.714726033
0.719168983
0.724390008
0.733436949
0.742483889
0.75153083
0.741027733
0.751119758
0.761211784
0.771303809
0.719911041
0.723353071
0.726795102
0.730237133
0.733679163
0.737121194
0.740563224
0.744005255
0.748630953
0.754591425
0.760551897
0.76651237
0.776308314
0.788515484
0.800722654
0.812929823
0.784908331
0.791377361
0.797846392
0.804315423
0.810784453
0.817253484
0.823722515
0.829957539
0.81971183
0.80946612
0.799220411
0.788974702
0.773125957
0.783217983
0.793310008
0.799981585
0.723260249
0.71849708
0.713733912
0.708970744
0.67466286
0.670836858
0.667010857
0.663184855
0.659887736
0.657007859
0.654127981
0.651248103
0.648368225
0.645488347
0.642608469
0.639728591
0.641044693
0.645487644
0.649930594
0.654373544
0.658816494
0.663259444
0.667702394
0.672145344
0.65511756
0.651764212
0.648410863
0.645057515
0.641704166
0.638350818
0.63499747
0.631644121
0.612650545
0.614113504
0.615576463
0.617039422
0.618502381
0.61996534
0.621428299
0.622891258
0.616376809
0.627522211
0.638667613
0.649813015
0.660958417
0.672103819
0.683249221
0.639923514
0.651060492
0.672082083
0.693103673
0.709320274
0.7152792
0.721238127
0.727197053
0.73315598
0.739114907
0.745073834
0.751032761
0.756992623
0.762953095
0.768913567
0.774874039
0.779322319
0.783263844
0.787205368
0.791146893
0.795088418
0.799029942
0.802971467
0.806912992
0.806380967
0.805734235
0.805087503
0.804440772
0.80379404
0.803147308
0.802500577
0.801853845
0.801207114
0.800560382
0.79991365
0.798939552
0.795114505
0.791289458
0.787464411
0.761025899
0.763970355
0.766914812
0.769859269
0.772803725
0.775748182
0.778692638
0.781637095
0.784780965
0.788722489
0.792664014
0.796605539
0.799925289
0.801880314
0.803835339
0.805790364
0.807745389
0.809700413
0.811655438
0.813610463
0.815565488
0.817520513
0.819475538
0.821430563
0.822104559
0.821780174
0.821455789
0.821131404
0.820807018
0.820482633
0.820158248
0.819833862
0.819509477
0.819185092
0.818860706
0.818536321
0.817307694
0.815698874
0.814090053
0.812481233
0.810872413
0.809263593
0.807654773
0.806045953
0.804437133
0.802828313
0.801219493
0.799610673
0.800419416
0.801882468
0.80334552
0.804808573
0.806271625
0.807734677
0.809197729
0.810660781
0.812123833
0.813586886
0.815049938
0.81651299
0.817976042
0.819439094
0.820902146
0.822279125
0.822764068
0.823249012
0.823733955
0.824218899
0.824703842
0.825188785
0.825673729
0.823374901
0.81047633
0.797577759
0.784679187
0.772754639
0.779734081
0.786713523
0.793692965
0.74660442
0.711251743
0.702807088
0.694362432
0.685917776
0.681195756
0.677369754
0.673543752
0.66971775
0.623204108
0.617509788
0.611815469
0.606121149
0.566888118
0.579095288
0.591302458
0.603509628
0.623839574
0.648316798
0.672794022
0.680066455
0.660137231
0.696805554
0.733473876
0.724915181
0.735532852
0.746150523
0.756768194
0.767385865
0.778003536
0.788621207
0.799238878
0.783860859
0.783859581
0.783858304
0.783857027
0.78385575
0.783854473
0.783853196
0.783851919
0.783850641
0.783849364
0.783848087
0.78384681
0.774536928
0.783583869
0.79263081
0.801677751
0.800944796
0.798539869
0.796134942
0.793730015
0.791325088
0.788920161
0.786515235
0.784110308
0.780449994
0.776624947
0.7727999
0.768974853
0.733040209
0.736982241
0.740924272
0.744866304
0.748808336
0.752750367
0.756692399
0.76063443
0.762686581
0.764641357
0.766596132
0.768550907
0.770505683
0.772460458
0.774415234
0.776370038
0.778325063
0.780280088
0.782235113
0.784190137
0.786145162
0.788100187
0.790055212
0.792289257
0.795233713
0.79817817
0.801122627
0.802873994
0.80267874
0.802483487
0.802288234
0.80209298
0.801897727
0.801702474
0.80150722
0.801311967
0.801116714
0.80092146
0.800726207
0.800530954
0.8003357
0.800140447
0.799945194
0.79974994
0.799554687
0.799359434
0.79916418
0.796689416
0.792864369
0.789039322
0.785214275
0.752147398
0.750219818
0.748292237
0.746364657
0.748282018
0.753734363
0.759186708
0.764639054
0.770091399
0.775543744
0.780996089
0.786448435
0.792302499
0.798261425
0.804220352
0.810179279
0.821490114
0.833166892
0.84484367
0.856520448
0.868197226
0.879874004
0.891550782
0.830227611
0.834670847
0.839114084
0.84355732
0.848000556
0.852443793
0.856887029
0.861330266
0.865773502
0.870216739
0.874659975
0.879103212
0.883546448
0.887989685
0.892432921
0.896876157
0.896925525
0.894045647
0.891165769
0.888285892
0.885406014
0.882526136
0.879646258
0.87676638
0.784689711
0.788631743
0.792573774
0.796515806
0.800457838
0.804399869
0.808341901
0.812283932
0.778807262
0.787334739
0.795862216
0.804389694
0.812917171
0.821444649
0.829972126
0.838499604
0.801063584
0.805005615
0.808947647
0.812889679
0.816831711
0.820773742
0.824715774
0.828657806
0.825383267
0.819690357
0.813997447
0.808304537
0.771614845
0.770646527
0.769678208
0.76870989
0.769832842
0.772281634
0.774730426
0.777179217
0.779628009
0.782076801
0.784525592
0.786974384
0.794653626
0.803698193
0.812742761
0.821787328
0.818793108
0.836443348
0.854093589
0.829789577
0.832485963
0.835182349
0.837878735
0.840575121
0.843271507
0.845967893
0.848664279
0.851360665
0.854057052
0.856753438
0.859449824
0.86214621
0.864842596
0.867538982
0.870235368
0.851881809
0.849953986
0.848026163
0.84609834
0.844170517
0.842242694
0.840314871
0.838387048
0.830894731
0.834336761
0.837778792
0.841220822
0.844662853
0.848104883
0.851546914
0.854988945
0.858430975
0.861873006
0.865315036
0.868757067
0.872199097
0.875641128
0.879083158
0.882525189
0.876223308
0.882182235
0.888141161
0.894100088
0.897793808
0.901235839
0.904677869
0.9081199
0.91156193
0.915003961
0.918445991
0.92125665
0.919010652
0.916764655
0.914518657
0.912272659
0.910026661
0.907780663
0.905534665
0.903288668
0.90104267
0.898796672
0.896550674
0.893442402
0.885906381
0.878370359
0.870834337
0.863650858
0.85982581
0.856000763
0.852175716
0.848350669
0.844525622
0.840700575
0.836875527
0.833378151
0.833700828
0.834023506
0.834346184
0.834668862
0.83499154
0.835314218
0.835636896
0.835959574
0.836282252
0.83660493
0.836927608
0.837005995
0.836359263
0.835712531
0.8350658
0.834419068
0.833772336
0.833125605
0.832478873
0.831832142
0.83118541
0.830538678
0.829891947
0.829490488
0.829489211
0.829487934
0.829486657
0.82948538
0.829484103
0.829482825
0.829481548
0.829480271
0.829478994
0.829477717
0.82947644
0.8127764
0.809896522
0.807016644
0.804136767
0.801256889
0.798377011
0.795497133
0.792617255
0.746260406
0.737813682
0.729366958
0.720920234
0.713139933
0.707447023
0.701754113
0.696061203
0.692459971
0.69707089
0.70168181
0.706292729
0.710903648
0.715514568
0.720125487
0.724736407
0.729347326
0.733958246
0.738569165
0.743180084
0.758508893
0.78182468
0.805140468
0.828456255
0.801268702
0.818918943
0.836569183
0.85302691
0.858985836
0.864944763
0.870903689
0.874697021
0.871816782
0.868936544
0.866056305
0.863176067
0.860295828
0.85741559
0.854535351
0.853515629
0.857791222
0.862066815
0.866342408
0.870618001
0.874893594
0.879169187
0.88344478
0.887720373
0.891995966
0.896271559
0.900547152
0.881039336
0.892184738
0.90333014
0.914475542
0.919298509
0.9217473
0.924196092
0.926644884
0.929093675
0.931542467
0.933991259
0.93644005
0.937105668
0.937590611
0.938075554
0.938560498
0.939045441
0.939530385
0.940015328
0.940419355
0.938014428
0.935609501
0.933204574
0.930799648
0.928394721
0.925989794
0.923584867
0.921461456
0.923910248
0.926359039
0.928807831
0.931256623
0.933705414
0.936154206
0.938602998
0.941648698
0.946595016
0.951541334
0.956487652
0.960336165
0.96229119
0.964246215
0.96620124
0.966409038
0.964481337
0.962553635
0.960625933
0.958698232
0.95677053
0.954842828
0.952915127
0.950987425
0.949059723
0.947132022
0.94520432
0.943276618
0.941348917
0.939421215
0.937493513
0.912323156
0.909443278
0.9065634
0.903683523
0.900803645
0.897923767
0.895043889
0.892164011
0.889284134
0.886404256
0.883524378
0.8806445
0.875640547
0.876418172
0.877195796
0.877973421
0.878751045
0.87952867
0.880306295
0.881083919
0.881861544
0.882639168
0.883416793
0.884194417
0.884972042
0.885749667
0.886527291
0.887304916
0.88808254
0.888860165
0.889637789
0.890415414
0.880769977
0.877889738
0.875009499
0.872129261
0.869249022
0.866368784
0.863488545
0.860608307
0.857367085
0.854013737
0.850660388
0.84730704
0.843953691
0.840600343
0.837246994
0.833893646
0.821948942
0.822433886
0.822918829
0.823403773
0.823888716
0.824373659
0.824858603
0.825343546
0.829563195
0.834510152
0.839457109
0.844404065
0.849351022
0.854297979
0.859244936
0.864577068
0.873621636
0.882666203
0.891710771
0.898022392
0.89737566
0.896728928
0.896082197
0.895435465
0.894788733
0.894142002
0.89349527
0.892848539
0.892201807
0.891555075
0.890908344
0.890261612
0.88961488
0.888968149
0.888321417
0.887674685
0.887027954
0.886381222
0.885734491
0.885087759
0.884441027
0.883794296
0.883147564
0.884969314
0.888910839
0.892852364
0.896793889
0.889772511
0.876873939
0.863975368
0.851076796
0.843575873
0.841648131
0.839720389
0.837792647
0.835864905
0.833937163
0.832009421
0.830081678
0.828153936
0.826226194
0.824298452
0.82237071
0.823723888
0.827665413
0.831606938
0.835548462
0.839489987
0.843431512
0.847373036
0.851314561
0.857640851
0.864620293
0.871599736
0.878579178
0.877610678
0.876161762
0.874712846
0.87326393
0.871815014
0.870366098
0.868917182
0.867468266
0.86601935
0.864570434
0.863121518
0.861672602
0.860223685
0.858774769
0.857325853
0.856070713
0.85769761
0.859324506
0.860951402
0.862578298
0.864205195
0.865832091
0.867458987
0.869085883
0.87071278
0.872339676
0.873966572
0.875837478
0.878285957
0.880734435
0.883182914
0.885631392
0.888079871
0.890528349
0.892976828
0.89333781
0.891409988
0.889482165
0.887554342
0.885626519
0.883698696
0.881770873
0.87984305
0.87968528
0.881148364
0.882611447
0.88407453
0.885537614
0.887000697
0.88846378
0.889926863
0.891389947
0.89285303
0.894316113
0.895779197
0.89724228
0.898705363
0.900168446
0.90163153
0.903094613
0.904557696
0.906020779
0.907483863
0.908946946
0.910410029
0.911873113
0.913336196
0.912901209
0.912415556
0.911929902
0.911444249
0.910958595
0.910472942
0.909987288
0.909501635
0.909015981
0.908530327
0.908044674
0.90755902
0.907073367
0.906587713
0.90610206
0.905616406
0.905130752
0.904645099
0.904159445
0.903673792
0.903188138
0.902702485
0.902216831
0.859405516
0.855580469
0.851755422
0.847930375
0.844105328
0.840280281
0.836455233
0.832630186
0.82947513
0.836456389
0.843437649
0.850418908
0.858791621
0.872069051
0.88534648
0.89862391
0.871913327
0.874114858
0.876316389
0.878517921
0.880719452
0.882920983
0.885122514
0.887324045
0.889525576
0.891727107
0.893928638
0.896130169
0.8983317
0.900533231
0.902734762
0.904936293
0.902720194
0.89842521
0.894130226
0.889835242
0.885540258
0.881245274
0.87695029
0.872655306
0.870207421
0.868758505
0.867309589
0.865860673
0.864411757
0.862962841
0.861513925
0.860065009
0.858276548
0.856348725
0.854420902
0.852493079
0.850565256
0.848637434
0.846709611
0.844781788
0.842853965
0.840926142
0.838998319
0.837070497
0.835142674
0.833214851
0.831287028
0.829359205
0.830010008
0.831309501
0.832608993
0.833908486
0.835207979
0.836507472
0.837806964
0.839106457
0.84040595
0.841705443
0.843004936
0.844323966
0.846772758
0.84922155
0.851670341
0.854119133
0.856567925
0.859016716
0.861465508
0.863493329
0.863816007
0.864138685
0.864461363
0.864784041
0.865106719
0.865429397
0.865752075
0.866074753
0.866397431
0.866720109
0.867042787
0.866001659
0.86264831
0.859294962
0.855941613
0.852588265
0.849234916
0.845881568
0.84252822
0.805258787
0.802378909
0.799499031
0.796619153
0.793739275
0.790859397
0.787979519
0.785099641
0.774643207
0.771762969
0.76888273
0.766002492
0.763122253
0.760242015
0.757361776
0.754481538
0.752046805
0.751078609
0.750110412
0.749142216
0.748174019
0.747205823
0.746237626
0.74526943
0.745353618
0.747802253
0.750250888
0.752699523
0.755148158
0.757596793
0.760045428
0.762494063
0.764942698
0.767391333
0.769839968
0.772288603
0.774737239
0.777185874
0.779634509
0.782083144
0.766972972
0.779180142
0.791387312
0.803594482
0.809081682
0.813023207
0.816964732
0.820906256
0.818531162
0.815651284
0.812771407
0.809891529
0.807011651
0.804131773
0.801251895
0.798372018
0.796176186
0.798131211
0.800086236
0.802041261
0.803996285
0.80595131
0.807906335
0.80986136
0.811816385
0.81377141
0.815726434
0.81751059
0.818483609
0.819456627
0.820429646
0.821402664
0.822375683
0.823348702
0.82432172
0.823522257
0.818759089
0.81399592
0.809232752
0.793758025
0.7913534
0.788948775
0.78654415
0.784139524
0.781734899
0.779330274
0.776925648
0.772089671
0.775034128
0.777978585
0.780923041
0.783867498
0.786811954
0.789756411
0.792700867
0.796396899
0.801007818
0.805618738
0.810229657
0.814840576
0.819451496
0.824062415
0.828673335
0.833284254
0.837895174
0.842506093
0.847117012
0.84583777
0.843274314
0.840710859
0.838147403
0.835583948
0.833020492
0.830457037
0.827893581
0.825330125
0.82276667
0.820203214
0.817639759
0.810417663
0.811390805
0.812363947
0.813337089
0.814310232
0.815283374
0.816256516
0.817229658
0.818202801
0.819175943
0.820149085
0.821152666
0.823107691
0.825062716
0.827017741
0.829313773
0.834260091
0.839206409
0.844152727
0.848375092
0.850329867
0.852284642
0.854239418
0.856194193
0.858148968
0.860103744
0.862058519
0.86361377
0.864586912
0.865560055
0.866533197
0.864781592
0.860018424
0.855255256
0.850492087
0.845728919
0.840965751
0.836202582
0.831439414
0.796673126
0.792143832
0.787614537
0.783085243
0.778555948
0.774026654
0.76949736
0.764968065
0.760438771
0.755909476
0.751380182
0.746850887
0.742321593
0.737792298
0.733263004
0.728733709
0.714074197
0.715782938
0.717491679
0.71920042
0.720909161
0.722617902
0.724326642
0.726035383
0.727744124
0.729452865
0.731161606
0.732870347
0.734579088
0.736287829
0.73799657
0.739705311
0.742034381
0.744978838
0.747923294
0.750867751
0.753812207
0.756756664
0.759701121
0.762645577
0.761193873
0.757840106
0.754486338
0.75113257
0.747778803
0.744425035
0.741071267
0.7377175
0.736247049
0.741194006
0.746140963
0.75108792
0.756034876
0.760981833
0.76592879
0.770875747
0.777251931
0.783720961
0.790189992
0.796659023
0.803128053
0.809597084
0.816066115
0.790588797
0.792790328
0.794991859
0.79719339
0.799394921
0.801596452
0.803797983
0.805999514
0.808201045
0.810402576
0.812604107
0.814805638
0.817007169
0.8192087
0.821410231
0.823611762
0.807367389
0.811810339
0.816253289
0.820696239
0.825139189
0.829582139
0.834025089
0.838468039
0.841650681
0.844099473
0.846548265
0.848997056
0.851445848
0.85389464
0.856343431
0.858792223
0.854620665
0.848926345
0.843232026
0.837537706
0.83969977
0.84414272
0.848585671
0.853028621
0.857471571
0.861914521
0.866357471
0.870683256
0.867803378
0.8649235
0.862043623
0.859120429
0.854357261
0.849594093
0.844830924
0.840067756
0.836242709
0.832417662
0.828592615
0.824767567
0.813241447
0.81324017
0.813238892
0.813237615
0.813236338
0.813235061
0.813233784
0.813232507
0.81323123
0.813229953
0.813228676
0.813227399
0.813226122
0.813224845
0.813223568
0.812621809
0.808795807
0.804969805
0.801143803
0.798135715
0.799762473
0.801389231
0.803015989
0.804642747
0.806269505
0.807896262
0.80952302
0.811149778
0.812776536
0.814403294
0.816030052
0.798882383
0.802158623
0.805434863
0.808711103
0.811987343
0.815263583
0.818539823
0.821816063
0.825092303
0.828368543
0.831644783
0.834921023
0.732734087
0.752622683
0.772511279
0.792399875
0.705603112
0.70367529
0.701747467
0.699819644
0.697891821
0.695963999
0.694036176
0.692108353
0.639902466
0.568285369
0.598726684
0.629167999
0.626693216
0.507906643
0.503143475
0.498380306
0.493617138
0.505222803
0.532059699
0.558896595
0.585733491
0.496701797
0.537232708
0.577763619
0.586558831
0.52690873
0.533547692
0.540186653
0.546825615
0.553464576
0.560103537
0.566742499
0.57338146
0.580020422
0.586659383
0.593298345
0.598050811
0.595487355
0.592923899
0.590360444
0.587796988
0.585233532
0.582670077
0.580106621
0.577543165
0.57497971
0.572416254
0.569852798
0.514387828
0.518329352
0.522270877
0.526212401
0.493305819
0.421276836
0.414658257
0.408039678
0.401421099
0.362638686
0.373256357
0.383874028
0.394491698
0.405109369
0.41572704
0.426344711
0.436962382
0.411460607
0.426904443
0.442348278
0.440066375
0.318031026
0.323990339
0.329949652
0.335908965
0.341868278
0.34782759
0.353786903
0.359746216
0.365705529
0.371664842
0.377624155
0.383583468
0.389542781
0.395502094
0.401461407
0.386678524
0.325886153
0.320193243
0.314500333
0.308807423
0.298848311
0.308940336
0.319032362
0.329124387
0.339216412
0.349308438
0.359400463
0.3688275
0.371275978
0.373724457
0.376172935
0.378621414
0.381069892
0.383518371
0.385966849
0.363621036
0.380161228
0.396701419
0.413241611
0.429658322
0.465061424
0.500464526
0.535867627
0.470821114
0.506213995
0.541606877
0.572250603
0.576192128
0.580133652
0.584075177
0.590909994
0.605810958
0.620711922
0.635612886
0.65051385
0.665414814
0.680315779
0.695216743
0.642486823
0.652578849
0.662670874
0.672762899
0.682854924
0.69294695
0.703038975
0.713131
0.716019673
0.718716059
0.721412445
0.724108832
0.726805218
0.729501604
0.73219799
0.734894376
0.737590762
0.740287149
0.742983535
0.745679921
0.748376307
0.751072693
0.753769079
0.727531999
0.72276883
0.718005662
0.713242494
0.708479326
0.703716157
0.698952989
0.694189821
0.647890609
0.637644899
0.62739919
0.617153481
0.606907771
0.613755239
0.622109286
0.630463333
0.638817381
0.647171428
0.655525475
0.663879523
0.67223357
0.680587617
0.688941665
0.697295712
0.634135066
0.66457638
0.695017695
0.72545901
0.730314021
0.720963262
0.711612503
0.702261744
0.695411222
0.690648054
0.685884886
0.681121717
0.676358549
0.671595381
0.666832213
0.662069044
0.557624218
0.573072205
0.588520193
0.60396818
0.611593514
0.605899194
0.600204874
0.594510555
0.577691947
0.586219425
0.594746902
0.60327438
0.611801857
0.620329334
0.628856812
0.637384289
0.653114716
0.673003312
0.692891908
0.712780504
0.691252341
0.701341709
0.711431076
0.720671277
0.715596954
0.710522632
0.705448309
0.700373986
0.695299664
0.690225341
0.685151018
0.680076696
0.675002373
0.66992805
0.664853728
0.659779405
0.653204065
0.646585487
0.639966908
0.633348329
0.62672975
0.620111171
0.613492592
0.606874014
0.60186222
0.597099052
0.592335884
0.587572715
0.568509293
0.57472341
0.580937527
0.587151644
0.593365761
0.599579878
0.605793995
0.612008112
0.61822223
0.624436347
0.630650464
0.636864581
0.643078698
0.649292815
0.655506932
0.663042509
0.673131877
0.683221244
0.693310611
0.643629362
0.641701781
0.6397742
0.63784662
0.638002571
0.641944096
0.645885621
0.649827145
0.65376867
0.657710195
0.661651719
0.665593244
0.661724367
0.672869769
0.684015171
0.695160574
0.70710761
0.71931478
0.73152195
0.74372912
0.725673158
0.740029442
0.754385725
0.767633761
0.773594234
0.779554706
0.785515178
0.789298514
0.787370813
0.785443111
0.783515409
0.781587708
0.779660006
0.777732304
0.775804603
0.773876901
0.771949199
0.770021498
0.768093796
0.766166095
0.764238393
0.762310691
0.76038299
0.75906995
0.758826255
0.75858256
0.758338865
0.758095169
0.757851474
0.757607779
0.757364084
0.757120388
0.756876693
0.756632998
0.756389303
0.756145608
0.755901912
0.755658217
0.755414522
0.757795669
0.762239192
0.766682714
0.771126237
0.77556976
0.780013283
0.784456806
0.788900328
0.792941249
0.796882774
0.800824298
0.804765823
0.808707348
0.812648872
0.816590397
0.820517936
0.823959966
0.827401997
0.830844028
0.834286058
0.837728089
0.841170119
0.84461215
0.84793526
0.850879717
0.853824173
0.856768629
0.858071155
0.856143413
0.854215671
0.852287929
0.850360187
0.848432445
0.846504703
0.844576961
0.842649218
0.840721476
0.838793734
0.836865992
0.823359488
0.820954862
0.818550237
0.816145612
0.813740986
0.811336361
0.808931736
0.806527111
0.727778643
0.720242622
0.7127066
0.705170578
0.697841152
0.701782677
0.705724202
0.709665726
0.713607251
0.717548775
0.7214903
0.725431824
0.728968864
0.731252661
0.733536459
0.735820257
0.738104055
0.740387853
0.742671651
0.744955448
0.747239246
0.749523044
0.751806842
0.75409064
0.759277648
0.767287698
0.775297749
0.7833078
0.789231449
0.794177766
0.799124084
0.804070402
0.805276196
0.805598874
0.805921552
0.80624423
0.806566908
0.806889586
0.807212264
0.807534942
0.80785762
0.808180298
0.808502976
0.808825654
0.804154031
0.799390862
0.794627694
0.789864526
0.761778001
0.769787354
0.777796707
0.78580606
0.793815413
0.801824766
0.809834119
0.817843472
0.825852825
0.833862178
0.84187153
0.797822964
0.801264995
0.804707026
0.808149056
0.811591087
0.815033117
0.818475148
0.821917178
0.825299756
0.828575715
0.831851675
0.835127635
0.838403594
0.841679554
0.844955514
0.848231474
0.851507433
0.854783393
0.858059353
0.861335312
0.754355067
0.767632497
0.780909927
0.794187357
0.794952658
0.782054086
0.769155515
0.756256943
0.688054771
0.712531996
0.73700922
0.761486445
0.653372391
0.594532497
0.616696446
0.638860395
0.640019273
0.541188259
0.555548386
0.569908513
0.584268641
0.593280241
0.601288199
0.609296157
0.617415684
0.632861595
0.648307506
0.663753417
0.679199328
0.69464524
0.710091151
0.725537062
0.646585651
0.677026966
0.707468281
0.737909595
0.743525729
0.73783141
0.73213709
0.72644277
0.598748689
0.603695645
0.608642602
0.613589559
0.618536515
0.623483472
0.628430429
0.633377386
0.638736214
0.644695141
0.650654067
0.656612994
0.666008454
0.678215624
0.690422794
0.702629964
0.694752205
0.706959375
0.719166545
0.731373715
0.751889503
0.772916863
0.793944222
0.761487957
0.787143494
0.812799031
0.838454569
0.859397472
0.875937664
0.892477855
0.909018047
0.878775596
0.886269267
0.893762939
0.90125661
0.908750282
0.916243953
0.923737624
0.931231296
0.936197992
0.94114431
0.946090628
0.950269518
0.948820602
0.947371686
0.94592277
0.944473854
0.943024937
0.941576021
0.940127105
0.911905825
0.909025947
0.906146069
0.903266192
0.879929824
0.87572057
0.873792828
0.871865085
0.869937343
0.868009601
0.866081859
0.864154117
0.862226375
0.860298633
0.858370891
0.856443149
0.854460183
0.851580305
0.848700428
0.84582055
0.826662185
0.802418312
0.808377239
0.814336165
0.81327916
0.782247175
0.787193493
0.792139811
0.797086129
0.80253221
0.80798385
0.813435489
0.818887129
0.824338769
0.829790409
0.835242049
0.839912948
0.842361739
0.844810531
0.847259323
0.849708114
0.852156906
0.854605698
0.857054489
0.856944352
0.853590585
0.850236817
0.846883049
0.843529281
0.840175514
0.836821746
0.833467978
0.829906376
0.826081329
